
28
30
36
43
31
43
77
14
7
9
499
100
77
14
7
9
499
100
30
36
43
31
43
77
14
7
9
499
100
77
14
7
9
499
100
30
36
43
31
43
77
14
7
9
499
100
30
36
43
31
43
77
14
7
9
499
100
77
14
7
9
499
100
30
36
43
31
43
77
14
7
9
499
100
30
36
43
31
43
77
14
7
9
499
100
77
14
7
9
499
100
30
36
43
31
43
77
14
7
9
499
100
30
36
43
31
43
77
14
7
9
499
100
77
14
7
9
499
100
30
36
43
31
43
77
14
7
9
499
100
30
36
43
31
43
77
14
7
9
499
100
77
14
7
9
499
100
30
36
43
31
43
77
14
7
9
499
100
30
36
43
31
43
77
14
7
9
499
100
77
14
7
9
499
100
30
36
43
31
43
77
14
7
9
499
100
30
36
43
31
43
77
14
7
9
499
100
77
14
7
9
499
100
30
36
43
31
43
77
14
7
9
499
100
30
36
43
31
43
77
14
7
9
499
100
77
14
7
9
499
100
30
36
43
31
43
77
14
7
9
499
100
30
36
43
31
43
77
14
7
9
499
100
77
14
7
9
499
100
30
36
43
31
43
77
14
7
9
499
100
30
36
43
31
43
77
14
7
9
499
100
77
14
7
9
499
100
30
36
43
31
43
77
14
7
9
499
100
30
36
43
31
43
77
14
7
9
499
100
77
14
7
9
499
100
30
36
43
31
43
77
14
7
9
499
100
30
36
43
31
43
77
14
7
9
499
100
77
14
7
9
499
100
30
36
43
31
43
77
14
7
9
499
100
